0.000000 139.506412 -7110.570236 -6971.063823
1.998000 43.370183 -7014.340326 -6970.970143
3.998000 57.353634 -7028.475688 -6971.122054
5.998000 70.078174 -7041.129907 -6971.051733
7.998000 78.975595 -7050.056557 -6971.080962
9.998000 67.906449 -7038.939377 -6971.032928
11.998000 63.974541 -7035.065195 -6971.090654
13.998000 76.406969 -7047.457030 -6971.050061
15.998000 66.384288 -7037.455811 -6971.071523
17.998000 73.544341 -7044.602186 -6971.057845
19.998000 65.740646 -7036.807694 -6971.067048
21.998000 113.049566 -7065.895534 -6952.845968
23.998000 108.103667 -7078.871620 -6970.767953
25.998000 115.180360 -7102.537123 -6987.356764
27.998000 111.007200 -7112.492259 -7001.485059
29.998000 118.063196 -7131.731973 -7013.668777
31.998000 114.089274 -7138.025075 -7023.935801
33.998000 118.615110 -7150.281199 -7031.666089
35.998000 117.955174 -7154.918503 -7036.963330
37.998000 115.236730 -7155.551270 -7040.314540
39.998000 116.407378 -7156.735099 -7040.327722
41.998000 115.757924 -7153.987769 -7038.229845
43.998000 119.537781 -7153.397522 -7033.859741
45.998000 118.297191 -7145.657661 -7027.360470
47.998000 115.427661 -7133.559273 -7018.131612
49.998000 117.489996 -7123.822942 -7006.332946
51.998000 125.068513 -7116.846758 -6991.778244
53.998000 122.536944 -7097.449493 -6974.912550
55.998000 123.293617 -7078.615227 -6955.321610
57.998000 126.851177 -7059.856476 -6933.005300
59.998000 125.156734 -7032.589703 -6907.432969
61.998000 126.358009 -7005.063381 -6878.705371
63.998000 125.702710 -6972.347485 -6846.644774
65.998000 128.172530 -6939.566271 -6811.393741
67.998000 132.753838 -6905.655353 -6772.901515
69.998000 134.266196 -6865.582354 -6731.316158
71.998000 134.281203 -6820.406788 -6686.125586
73.998000 131.815729 -6770.053317 -6638.237588
75.998000 134.066711 -6720.379457 -6586.312746
77.998000 133.280667 -6663.647587 -6530.366920
79.998000 134.135067 -6604.510330 -6470.375262
81.998000 139.367555 -6545.473694 -6406.106139
83.998000 139.519199 -6478.072583 -6338.553384
85.998000 139.333047 -6406.512474 -6267.179427
87.998000 140.233211 -6331.851889 -6191.618678
89.998000 143.305449 -6254.990263 -6111.684814
91.998000 144.753441 -6172.727311 -6027.973870
93.998000 150.235729 -6090.198392 -5939.962663
95.998000 152.757452 -6000.748270 -5847.990818
97.998000 159.595584 -5911.815632 -5752.220048
99.998000 169.473291 -5822.498133 -5653.024842
101.998000 184.553400 -5734.580978 -5550.027577
103.998000 196.288010 -5639.328999 -5443.040989
105.998000 209.105884 -5540.203727 -5331.097843
107.998000 225.555446 -5439.560103 -5214.004657
109.998000 235.202599 -5325.259530 -5090.056931
111.998000 237.527116 -5197.575970 -4960.048854
113.998000 242.850822 -5066.297747 -4823.446925
115.998000 260.934596 -4943.124927 -4682.190331
117.998000 260.712426 -4794.650982 -4533.938556
119.998000 247.932250 -4625.962688 -4378.030438
121.998000 255.102862 -4470.144012 -4215.041150
123.998000 272.106320 -4317.394882 -4045.288562
125.998000 280.897718 -4151.527540 -3870.629822
127.998000 280.021833 -3968.101174 -3688.079341
129.998000 284.609764 -3783.259569 -3498.649805
131.998000 300.725073 -3602.840694 -3302.115621
133.998000 302.725774 -3401.987860 -3099.262086
135.998000 310.384797 -3200.324778 -2889.939980
137.998000 320.704925 -2992.915131 -2672.210206
139.998000 340.181736 -2785.126142 -2444.944406
141.998000 358.601099 -2567.152594 -2208.551495
143.998000 364.714076 -2327.600052 -1962.885977
145.998000 355.488096 -2062.203205 -1706.715109
147.998000 355.330144 -1793.877139 -1438.546994
149.998000 384.570763 -1539.514248 -1154.943484
151.998000 426.551280 -1581.480468 -1154.929188
153.998000 466.253809 -1621.028578 -1154.774769
155.998000 410.190778 -1565.026004 -1154.835226
157.998000 435.148854 -1589.975818 -1154.826963
159.998000 444.534558 -1599.379264 -1154.844706
161.998000 450.039361 -1604.822857 -1154.783497
163.998000 424.412367 -1579.220950 -1154.808583
165.998000 443.743246 -1598.548673 -1154.805427
167.998000 431.956031 -1586.801951 -1154.845921
169.998000 435.074756 -1589.853748 -1154.778993
